a461066d41c07295283f3c02099adcd8,0.07742851855114588,4.174813345633741E-5,9.150428116768848E-5,9.970478042347432E-5,8.09279798956827E-5,5.668950185761204E-5,2.2480615895916636E-4,0.9179244180806281,0.003958278585728675,9.340394673748729E-5
f1ff6a7b7270f8b983e7898f4eaeb53b,0.1996076632460698,1.2489981960309583E-4,0.059011581162375475,2.982913979012354E-4,2.4211597628394919E-4,1.6960060173253755E-4,0.00601236511504393,0.7277516790063723,0.0065023627719500805,2.7944090266767124E-4
1585cd6e4e9e40f33d0add5f9aa021b3,0.04095267045379388,1.608880656732907E-6,3.526372457655233E-6,3.84240154772186E-6,3.1187852165608246E-6,1.3975261086389683E-4,0.0022785342602943993,2.949549592357432E-4,0.07684666033474566,0.8794753309411877
9dd443066d1d87106cf38c417792118a,0.19061792788838364,7.637094013446622E-5,1.6739114783212122E-4,1.8239253318486648E-4,1.4804364641308906E-4,1.0370357173329357E-4,0.020001618363488297,0.6343628944502754,0.15416879120337076,1.708662551841264E-4
fd17ad398d0c93b2ab737394911d9680,0.3190171914005345,6.639837715563616E-5,1.4553311176610824E-4,1.5857560725922174E-4,1.2871201863856214E-4,9.016189739461197E-5,3.5754326945160045E-4,0.6792692974497343,6.18032430541039E-4,1.485544375244202E-4
121503d0305016cc445a5409b84bd1dc,0.10000812430798078,1.2354747978957077E-6,0.001798583171881078,0.8595405308866925,2.394944907184796E-6,1.6776426884711336E-6,0.027156060800962233,8.075171847393512E-4,0.010681111432497196,2.7641528534167547E-6
69dcc34685484753917caabc186c8ee8,8.204832925637784E-4,1.3895754269445481E-5,3.045695460943844E-5,0.9440274972889638,2.693666109238525E-5,1.8868948675142975E-5,7.482612717096867E-5,0.05482660480551619,1.2934091393854833E-4,3.1089253200216355E-5
325a3910e81d6fdef13ebd10e62b6811,0.34605536017009675,1.688500996240322E-5,0.05489984663570152,4.0325544434466915E-5,3.273127763196652E-5,2.2928038318899992E-5,0.1242541871758612,0.4744827942313554,1.571647409742139E-4,3.7777175663187475E-5
dce632f5ef586e0def244e8eb45dd2b8,0.48893786044399556,4.495784412586405E-5,9.853938054233396E-5,1.073703566069637E-4,8.714994430532696E-5,6.1047945790269E-5,2.4208987124156548E-4,0.5099019339835554,4.184651322405761E-4,1.0058509759618996E-4
94abbb1487b94006fc74d0ab84ec2635,0.1886088637069905,5.701168287413983E-5,0.0074371660649291665,1.3615787945307466E-4,1.1051608643253102E-4,7.741577011052029E-5,0.005181802197368892,0.787983242455117,5.306615981494462E-4,0.009877162558574844
7f4e15c615e37f97f38fa5380ef5f327,0.17001048731826507,5.206267337931778E-5,1.1411186821621723E-4,1.243384311534042E-4,1.0092252361326434E-4,7.069554432501357E-5,2.8034809364089997E-4,0.677290273255511,0.15184027941553718,1.1648087635867245E-4
7b72e0ec27de5a09329c3a182a932fe1,0.031867853453925524,0.004483740418425771,1.1360613485956717E-4,1.2378737460573062E-4,1.0047524422483281E-4,7.038222814247639E-5,2.7910561654676626E-4,0.9003159173332201,0.06252916755227456,1.1596464377474181E-4
6f302b80bf2f244c30f509a763d9b1fa,6.375771437212692E-5,3.91321369174598E-6,8.577049469607272E-6,9.345713917814417E-6,0.08399237475212015,5.3137258239216276E-6,2.1071949004567803E-5,2.1550558401200822E-4,0.9155040848085182,1.760554890698785E-4
752e8784532ed8faa799cc8cb25dd3f3,0.10664895988191539,0.002799690098308314,0.009269393351682467,0.8191215025925962,7.922346460934996E-6,5.5495500442830105E-6,2.200712633779152E-5,0.01070858182292993,0.017335835375854626,0.03408055785386995
c5d2e865b505de7169ba7e279d479e4b,0.017473012002524362,1.7164347030519352E-4,0.0810966149598478,4.0992669853853254E-4,3.3272767340872044E-4,2.3307348192919415E-4,0.279776573236207,0.6185247591057615,0.001597647949897414,3.840214215802281E-4
77ca664bd8d7493d74e06c31310c880b,0.03230761907629451,6.639837715563616E-5,1.4553311176610824E-4,1.5857560725922174E-4,1.2871201863856214E-4,9.016189739461197E-5,3.5754326945160045E-4,0.2648178364661794,0.7017790657383359,1.485544375244202E-4
56a8086bc186ef1bc7c5df85545e0116,0.18460442883222625,3.311800215596408E-5,0.0014884719913215636,7.90939105451982E-5,6.419863095115654E-5,4.4970706216230296E-5,0.0015942178417488494,0.8117091439695668,3.0826053653596624E-4,7.409557873198959E-5
3bcfe66d0205a1ba9798f567ed9abd02,0.022456644623994056,5.059857107575339E-5,0.002274127391274091,1.2084179581647201E-4,9.808438854042326E-5,6.870744992686634E-5,2.724641671527419E-4,0.932973090905744,0.04157223549593151,1.132052105442143E-4
f88316ce3babd449f686dfbfcea929d3,0.5107821185355786,2.147335797778251E-5,4.706567751270716E-5,5.128364467763911E-5,4.162570488417803E-5,2.9158524374360507E-5,1.1563015462689294E-4,0.28669413163355506,0.0883320606809335,0.1138854520858792
d6320c38e7d241a2051948d9c92d5fcc,0.14828416249290494,7.168952464823638E-5,1.571303403791902E-4,1.7121216499873517E-4,1.3896880960034442E-4,9.734671000244667E-5,3.8603514311924374E-4,0.8498657802456693,6.672821394237998E-4,1.603924292539402E-4
da166e95ddce4d299d22fd481fbc7f3a,0.14849728265924944,6.89425798135834E-5,1.5110953916744018E-4,1.646517871111605E-4,1.3364390815089768E-4,9.361665259833105E-5,0.0033187234627682872,0.2808598857235386,0.5665578970538075,1.5424663379472322E-4
2da285ca4d7ccf55cddaec524cd6945e,6.604485569727414E-4,6.4878157389510775E-6,0.6487861974753132,0.08045323431406612,1.2576510090872674E-5,0.15949743181526044,3.4935716056235204E-5,0.11019641272710205,3.377597475023226E-4,1.451532189714289E-5
4cc8bb446e118001fb0fd47be1ecd7d5,1.1885787742550139E-5,7.295058768867556E-7,1.5989436016807993E-6,3.2930570963652156E-5,0.9999305275334827,9.905909878860186E-7,3.928257398443163E-6,8.986471188020898E-6,6.790200446156881E-6,1.6321383120200536E-6
8eddffd79435b9899bdce96f32ac8964,0.3277505503924514,7.637094013446622E-5,1.6739114783212122E-4,1.8239253318486648E-4,1.4804364641308906E-4,1.0370357173329357E-4,4.112437200500414E-4,0.5527363334359493,0.1182531043570673,1.708662551841264E-4
eaa5dee7f527a6a158ba2de33c135db5,0.3788738637146509,0.48356360771052465,0.05108122258097713,0.02233485349712489,3.879251538351991E-6,2.7173894316035105E-6,0.025934195454962103,2.4651689882471715E-5,1.862687946539169E-5,0.038162381831442514
71bad84ba0121a58a28f3806b5c38d35,0.1414202468538674,1.7876687713315208E-6,0.016894425069777678,0.010856993234640122,0.12244053294614606,0.4117180848115659,0.012620185668784955,0.05107568017055013,0.02317421223001554,0.2097978513458809
2ca309cabcd1abfe3b5ce94a3d04083f,0.11578611615551461,0.0060111045128615846,0.008022840448826233,2.2351253878334432E-5,1.814197691250598E-5,1.2708331966372584E-5,0.05566657215218721,0.07053577012460238,0.7439034562746392,2.0938768611705225E-5
ad2cb6ee14999d6fb82188de2eac5b36,0.0411157740203639,7.223417709580371E-7,1.5832411903645624E-6,1.7251292860649271E-6,0.004108712537041651,9.80862897963652E-7,0.9546914999259641,7.066231422911552E-5,6.723517343505124E-6,1.6161099123483036E-6
5722ff3da020090f5e0f5a36c64ffc25,0.21847576302649233,4.3535320465800166E-5,9.542146857402258E-5,1.039730212668771E-4,8.439240865925588E-5,5.911631074473988E-5,0.0020956815059671,0.7413144567662431,0.03763025771506172,9.740245652514938E-5
2563946085ca664411a7dcd198e79f0d,0.1587386369569839,4.4529896597469466E-5,0.009616463716777624,1.0634831296527667E-4,8.632037598437327E-5,6.0466838799431734E-5,2.3978545108838492E-4,0.7887103447849019,0.04229747602400084,9.962764190082546E-5
b62d3ee201923f7177cfb7fbff1b9246,0.2962067082907889,6.334163363365397E-5,1.3883328843183868E-4,1.512753541355974E-4,1.2278657819816608E-4,8.601116649429795E-5,3.410832576328968E-4,0.7021586644769967,5.89580430516956E-4,1.4171552317113567E-4
7deda4c651b4b8a9fa937903db9de6bd,0.12973750403352172,1.9842046638976432E-6,4.34901410980249E-6,0.13276379677896427,0.020787213252992542,2.694337798300604E-6,0.042340889023264966,0.010119220782453345,0.10156006148090038,0.5626822870913308
c82ac59e4431be73a1a9c148abbacfb7,0.0018925715284023516,0.04643359853725853,1.8031109771009344E-5,0.2303879701195568,1.5947027509794425E-5,1.1170784774378247E-5,3.9600588676597E-4,8.047541665116446E-4,0.48754297813140934,0.2324969727080402
3367e7e97bd85d17a035596a8636225d,0.10598735897843348,3.0092837783232988E-5,6.595800247046943E-5,7.186907617401545E-5,5.833440610398908E-5,4.0862856424409535E-5,0.005308242472178885,0.8636454111963809,0.024724542857000043,6.73273170505844E-5
ee0d877c8e51ba35f769168e0a931ab9,0.9153469907983526,1.6515423475965246E-5,0.01839424320479771,3.944288127261991E-5,3.2014841104919155E-5,2.2426179383544567E-5,0.014210505198813488,0.04962895063622243,0.001565881912960835,7.430289236159502E-4
2091e8bf7636d0dca83cfba0fa734b8a,0.032994566698431003,5.147152595034382E-7,1.1281618105432382E-6,1.2292662612826716E-6,9.977659532170556E-7,0.9626294281184878,0.001477137287204924,5.12466075040581E-4,0.0012150910922314369,0.0011674408193195437
ad82f4a5700c4e46c52c84874399a417,0.1636529773427328,4.235287993949347E-5,0.018199821426123638,1.0114906332484053E-4,8.210026970073527E-5,5.751068292708703E-5,0.014713655930475354,0.8008507580119943,0.002204917434457269,9.475695832449554E-5
7a2db29d490c056dbbaba6170380848e,0.17808338862455494,0.032014934336183944,1.6409375025507246E-5,1.7879962696022708E-5,1.4512737056874416E-5,1.0166074025389174E-5,0.04389051759928687,9.222487630279082E-5,0.5493174875983695,0.1965424788164981
cf3a2ee80d533483e436019df024846f,0.08683260580357825,0.8231041037294993,1.1432704169531763E-5,1.2457288821063573E-5,1.0111282678562424E-5,7.082885040848324E-6,0.002258103624172572,0.021026404658481046,0.06672602797186634,1.1670051692548247E-5
a8ac8af521dd5428a2684753ff282c70,0.15895495449945463,2.4486681162269366E-6,5.36703314000666E-6,0.018535469468241795,0.0568498565644088,0.6250901593109645,0.014250634883990624,0.008928569876495015,0.015830548218514588,0.10155199147667388
2f7cbda95a93a77d2414c09962414486,0.2639421374738684,7.147047340935049E-5,0.06126773721939979,1.7068901692320624E-4,1.3854418284966054E-4,9.704926183924385E-5,3.848555917584461E-4,0.45921356671829805,0.21455404772018483,1.5990234146903175E-4
79ccd7fc8dafb588b483b27df2f34dc3,0.6893875128346949,4.384917421856743E-6,9.61093786591234E-6,1.0472258099360046E-5,0.015568259064741248,5.954249058626803E-6,0.06432478465684624,0.033798071551851,0.16744882387819993,0.02944212565122086
83436be17ccd5f13421563e71f1831f9,0.22771833237462902,5.87656847277574E-6,1.288036444542928E-5,0.09774602795296056,1.1391618638897601E-5,7.979751710390147E-6,0.048772021364478946,0.07293171753562694,0.46032465163874087,0.0924691208302962
427243f7ecba77db502e1ecc334a3670,0.04736802030320671,3.770976875678132E-5,8.265292355400445E-5,9.00601752087224E-5,7.309968506762975E-5,5.120583434522777E-5,2.0306029437978403E-4,0.8726613297556508,0.07934849242843998,8.436883139039319E-5
0745bfb436637124afa2c14ebe7b55ce,0.3219478717334751,1.8070034709908116E-6,0.003171384582231247,4.3155674130443135E-6,0.4619838756561418,0.009272962870972155,0.15946248782666778,0.0028034124496823095,0.03586278821526218,0.005489094094683366
cb849ed0e8f9f46b34ea0c916d91246a,4.0152386436309524E-5,2.464405600266194E-6,5.4015268297881765E-6,0.7916805233151678,0.17606124774124418,2.1406629225326383E-4,1.3270379086354145E-5,3.0357959577928622E-5,0.029629083506962556,0.0023234324868415053
db62119e6b5ec7f69d03f35e94c20113,0.22257273878274633,8.345562349980554E-5,1.8291947939990405E-4,1.9931249441019328E-4,1.6177717329177212E-4,1.133238143058158E-4,4.493934604802225E-4,0.7752735618724717,7.768003382523107E-4,1.8671696114203943E-4
298ac0ec801d9f4cc6f45733f904eb1b,0.16530580322970603,1.0059183341251669E-5,2.2047892074932852E-5,2.402379659267664E-5,1.949953973533216E-5,1.3659295530094697E-5,0.025857590270886823,0.747563078841697,0.0611617323352804,2.2505615155502548E-5
920189e406fe3bd1b1d90f171d254c81,0.024526872839443485,2.0682449064556855E-6,0.9715966187115528,4.9394760241389856E-6,4.00925426723684E-6,2.8084554627847166E-6,1.1137125296713892E-5,0.00382766745726,1.9251109458515262E-5,4.627326327887383E-6
f63a0abd1aa908e77bcd4b24f9167d50,0.11790298799684737,5.264860466714324E-5,1.153961225497002E-4,1.2573777875434498E-4,1.0205834051226375E-4,7.149117637079962E-5,2.8350322780678553E-4,0.8807383346532006,4.90050306963968E-4,1.1779179232709807E-4
d2a64c8cda3ca7eb0a29f38a9ee59a71,0.28758487039126585,2.9728316637765023E-4,7.532369927614175E-6,0.2274454601722851,6.661759147112523E-6,0.019104694203796988,0.02822777705835685,0.429939880080759,0.00737815205313604,7.68874494775399E-6
1f3826ca58250a9792a9d76b6755e352,0.6569574179727757,5.853040275642298E-6,0.009271455853081095,0.016279134138183656,1.1346009666544664E-5,7.947802934129348E-6,0.28704895636732747,0.009831194487832337,0.020573599202060318,1.3095125863057523E-5
530a6b79d79885afb1136a137bf7c606,0.49080715646366846,0.4268673415835594,2.651357133994792E-6,0.023482077712397905,2.344906425121155E-6,1.642591070655449E-6,0.0022820298987563433,0.003635040537527993,0.05291700854908883,2.7064003712774306E-6
cb3cc661832e991adc4194df9a4f5e9d,0.13873054922950806,0.0010334427924248452,5.177094843237576E-5,5.6410596093374365E-5,4.5787128432141414E-5,3.207357338777553E-5,0.02032364379043291,0.7627070971359858,0.07696637907122102,5.2845734081722424E-5
64541aaba090c2ef787f41df4f60b427,0.38692467884190707,2.711205697468538E-4,5.942467552568872E-4,6.475024063810886E-4,5.255621797014429E-4,3.68152747676147E-4,0.0014599353037748504,0.6060786423372571,0.0025235753021125764,6.065835561859872E-4
91ecc62e3cbf4dbe55f006dcb1dcf1ce,0.02656196743179694,1.0827496124698911E-5,2.373189332578671E-5,0.9438881092454843,2.098889977001356E-5,1.470258214816619E-5,0.0014470175744489642,0.00985437354112267,0.018154056758830892,2.422457694760018E-5
c8792bbc040e42454c553884e49b0ad4,0.08209030521586597,3.5970048189378706E-5,0.0016166557693980722,8.59052958689672E-5,6.972726911877989E-5,4.884347981168574E-5,1.9369221331745154E-4,0.8001074173044471,0.08645250297059659,0.02929898043338607
f40c67d538d653971ab3b2099f6dc9ed,0.21034304839535328,9.575499433562288E-5,0.004303660179334286,2.2868640809221676E-4,1.8561927480204872E-4,1.3002504495062404E-4,5.156233511675811E-4,0.5988718428785365,0.18511150488015857,2.1423459326934825E-4
b3852c74baf935863c9293597c8222e0,0.008837729643617242,1.4967631948209725E-4,3.2806314649632616E-4,3.574637554554167E-4,2.901447602819278E-4,2.0324443966327412E-4,8.059799489025418E-4,0.9872996451948952,0.001393178922236738,3.348738689692655E-4
14bd7b5d73bb987fb12de857a8af04d4,0.21716897895595272,4.601927033172338E-5,1.008658328634008E-4,0.0020773524866195938,8.920749925537934E-5,6.248924909863635E-5,0.002215252643610477,0.7580340575460383,0.02010281666822949,1.0295984800033785E-4
e51f0508ffb0e5ce259413320dea1466,0.06471269498890181,0.4156092027099332,4.64408894041993E-6,0.17700947220895907,0.08153121618228919,2.8771450390652986E-6,0.03860090771664864,4.790293479023585E-4,0.1342676945601799,0.08778226105120639
daadc248fd9c1f691ba9fa366f8e0e68,0.0017044841680098832,2.8867246133454276E-5,6.327172948929742E-5,6.894206276734826E-5,5.595861949553289E-5,3.919863399445423E-5,0.0013895970720510576,0.4841432519663004,0.5124418432257934,6.458527596514127E-5
3673b860b3068ced30eae56ddf4aa88d,0.17536195054308074,1.0157665278748865E-4,2.2263746489313004E-4,0.0697253776806672,1.9690445138712562E-4,1.3793023472315812E-4,0.004889646163326316,0.47460277075680146,0.270191272311607,0.00456993374072642
a5ed4c18c0390f87ec8fd26f61e38b8b,0.20665880536929737,1.0105448132440807E-6,0.5918469618134187,0.11051696650049517,1.9589223172201222E-6,1.372211817026858E-6,0.05029431563392774,1.244846976034932E-5,0.040663899621722,2.2609124312302834E-6
cb18e30e112592b891b1a19714a8c9b4,0.17387474167396552,6.317056618288422E-5,1.3845833983371162E-4,0.0028515778671684084,1.224549671279088E-4,8.577887518531448E-5,0.021945850602748795,0.5868324721127925,0.21394416220450516,1.4133279048975897E-4
d28c1d83999e19eb1710ac909ac8de47,0.20588497217155816,4.402699234334464E-5,9.649912350132914E-5,1.0514725428120428E-4,8.534550544531473E-5,5.978394858882561E-5,2.3707740250431426E-4,0.78921430038524,0.004174344732536703,9.850248400088105E-5
6e6763685d90463cf4744c69b67bc6a8,0.03430430678313433,1.078754729227134E-5,0.0037132168773024005,0.10748456366742745,0.041067406017471754,0.0438283223020638,5.808899394034445E-5,0.0019776734579597644,0.7675314991547943,2.4135198613591734E-5
ca9795912e9c0fd29c5b2c5b43165ddc,0.008122310171121005,5.618993797296423E-5,1.231580781557694E-4,1.341953511158135E-4,1.0892314923184705E-4,7.629992838910781E-5,0.005107113654250656,0.9808185410124077,0.005327553828111179,1.2571488924405453E-4
a19b3aa4172e27805ebb7d758f1a9554,0.3076644154776749,0.0027054289745222604,1.3553011831337814E-4,1.4767615804160323E-4,1.198651970176625E-4,8.396475876149123E-5,0.005620156859909846,0.4554599484541046,0.22792467022373777,1.3834377791646126E-4
0f35f8ef1f873d9a7ca0217d2c144ad9,0.08932399634640924,2.5361633293924717E-5,5.558806661922299E-5,6.0569799638972444E-5,4.916305423520317E-5,3.443838655042361E-5,1.3656781498269926E-4,0.9100215081179142,2.3606468318336496E-4,5.674209717277385E-5
0a012eb53f5e7bad0691c9a0fcb761d6,0.14233924309110896,2.864262117158532E-6,0.797432486260986,6.840560327451373E-6,5.5523188186556844E-6,3.889361731133823E-6,0.04691564432463668,0.01130113300162213,2.6660393729575472E-5,0.001965686424922293
ceed88f668081db61cedbf12dd85e48d,0.9583258185805086,3.2610108931698197E-5,7.147540092339366E-5,7.788093697700353E-5,0.029340775358590355,0.009803468131252234,1.7559954721909195E-4,4.0170999801063994E-4,3.035330944312803E-4,0.0014671288431556521
109178ef55eccb9e70d989b81cd608fe,0.02906080874826954,4.419336018862872E-5,9.686377142284781E-5,0.0019949292115706875,8.566800641778383E-5,0.0019493944884132193,2.3797326330517483E-4,0.9131171754481519,0.0533141190001009,9.887470215947243E-5
755e49db52cf4147d53df66d0c73bc6b,0.18619197965263554,4.5659936279514664E-5,0.004004247617951762,1.0904712484116487E-4,8.851093688131786E-5,6.200131187285609E-5,2.458705106912941E-4,0.7716359177319887,0.03751460927422934,1.0215590262853888E-4
a32d584d94c8b4df00c723964397af63,0.021065461869266704,4.329357972341387E-5,0.0037967248228040536,1.0339568509293195E-4,8.392379872822108E-5,5.878805266156351E-5,2.33128108000136E-4,0.8001292875563933,0.1743891349222764,9.686160505331662E-5
d72e4b7b00cf79d63985c39ee99d5d23,0.3567896217648883,5.701168287413983E-5,0.10005845311130764,1.3615787945307466E-4,1.1051608643253102E-4,7.741577011052029E-5,0.03686803197639311,0.5028071744438989,0.0029680638888436167,1.2755339579816147E-4
e82f0de508f17e5e333744972538b360,0.3217170377409116,2.6184995786419545E-5,5.73927267747476E-5,6.253619118097944E-5,5.0759127106560865E-5,3.555642478790769E-5,0.033725364621750555,0.5343139358348229,0.10995264811408154,5.8584222796786805E-5
a60b395bd833e09056306cf9e2a5424f,0.32780957825525364,3.826498385468306E-5,8.386985361101123E-5,9.13861650157155E-5,7.417595920399958E-5,5.195975708902644E-5,2.060500274102671E-4,0.6712029356149937,3.56168358164699E-4,8.561102540336626E-5
355cb0e198dc1ee4fedadd9a15937aed,0.23768933270745873,3.134288722999953E-5,6.869788247420827E-5,0.08315438696436894,0.0416005238354825,4.256028992784253E-5,0.10200820267804481,0.08480562455799769,0.4505292041189534,7.012407806187899E-5
23120d5588a1042cf38f5df310432a83,0.1636600557152694,6.039758685484501E-5,0.002714539239217319,1.4424424847084763E-4,1.1707959829745789E-4,8.201346572257993E-5,0.03389329402225195,0.4113072554535713,0.3878859919228145,1.3512874752982134E-4
4e12db3babc8b873a1acc07d835551ac,0.05423265533872604,3.393481371531022E-5,7.437891178599526E-5,8.10446568523867E-5,6.578200496049903E-5,4.6079848986871775E-5,0.0059859499043142675,0.6286162753317729,0.31078797614106557,7.592304782024292E-5
d24b9964ae7655c41a5ad61f9a8046f8,0.02736497211653383,1.5011832599645093E-6,0.0014794213269626291,0.3787274580367876,0.01495675891810915,2.0384463725396963E-6,0.0028319863977409637,4.035700892776986E-4,0.5708915951879833,0.003340698296972307
e539ade0a2ab4a3fe264de60bd448293,0.05682425339300418,3.939577403075349E-6,0.03234671405710291,0.12953015306565852,0.07950541488784563,5.349524925310026E-6,1.8964140878293542E-4,4.8529970693040164E-5,0.6548827736387652,0.046663230475819197
6668a185a1dba76ba3b03f6f3d59f47b,0.02546997183369331,1.2573610317696905E-5,2.755905662241849E-5,0.817114466112999,2.4373709643113575E-5,1.7073618541711496E-5,6.770662076969334E-5,0.10551577689389674,0.05172236734982743,2.8131193688943314E-5
0044bf0a3b4fdb88798235d1352f5325,0.11814116130066417,3.982875374887045E-5,8.729735151888637E-5,9.512083100014468E-5,7.720729804674392E-5,5.408318941957909E-5,0.005322828655791206,0.8501808490486349,3.707238420471766E-4,0.025630899729128315
ebb150c68b95d6f1c846b4cb8727d8f7,0.0921368883922168,5.336936942222599E-5,1.1697590720938635E-4,1.2745914173977436E-4,1.0345552957868893E-4,7.246989784980653E-5,0.002569068041457206,0.8380353250582325,0.06666558428834389,1.1940437394980504E-4
85cd4542fdbd671a1081fdf9cc9c99f1,0.26619718780408547,8.501645311752221E-6,0.02727874379685299,3.8377214374369907E-4,0.03236514384362448,1.1544325405527202E-5,0.5634213811918686,1.0472813594165761E-4,0.09930593231204098,0.0109230648011249
9fd50a877070139eb06c70e34346d8bf,0.0775649802120888,1.1238187353977244E-6,2.4632053467228512E-6,0.7723944221938398,0.025274513305997986,0.12472962707500435,6.05156092871402E-6,1.3843842806735151E-5,1.0460442774036316E-5,2.5143424774538018E-6
9fd6232ade715eb689acbf07177bdf4e,0.12432589289896355,2.986232165437189E-5,6.545275323121772E-5,7.131854712973607E-5,5.7887554877415984E-5,4.05498401663546E-5,0.03590824392673507,0.8391560237365243,2.7795684208349884E-4,6.681157863452341E-5
788624fbd848021d505fc0ff3550fff3,0.39958863967085945,7.514418780826555E-5,1.6470233086028743E-4,1.7946274779827556E-4,1.4566560985498564E-4,1.0203777322884747E-4,0.00361725337004031,0.5502829178827557,0.04567605480950008,1.6812161729375523E-4
2964569986f901b8461b8de8e0315d53,0.17644070634197406,2.7378671352448044E-6,0.007146121678560761,0.0041033293061524595,5.30730449805313E-6,0.009601912869688752,0.7430555080577763,3.848800960693073E-4,0.05925337099240707,6.125485737995381E-6
049a61c8481194920950bf2411e9f721,0.260070409765516,5.4615522864468164E-5,1.1970724788300637E-4,1.3043526174913138E-4,1.0587117483924133E-4,7.416204099562504E-5,2.940947270744104E-4,0.7385201535677218,5.08358273005348E-4,1.2219241835106332E-4
9e46d220751b35e62cc149fea318fae9,0.21363664882237837,8.559337465516604E-5,1.8760503936610568E-4,2.044179684014596E-4,1.65921164129205E-4,1.1622665182356174E-4,0.01143894358917297,0.6670554041804356,0.10691773941442555,1.9149979521202544E-4
7b929a991be4703bfb474b2192b9e3d3,0.07246622123118616,0.8870721233673732,1.463014833335024E-6,1.5941283932566767E-6,0.011986817849166376,9.063792541036461E-7,0.00785125879009772,0.0037180275438075867,0.008909745019368191,0.007991842676519957
712cfd0cbc471bb71c3719087c7f8163,0.3267697265113466,0.0028982109351284356,2.9578357956379148E-5,3.222913340987022E-5,0.11368397135098195,0.04905849720956466,0.04218952170097525,0.055552785772971104,0.40975528661113736,3.0192416528326697E-5
7f8f9c613d650159608b025916e3dc5d,0.02460116236758076,4.6476470335125807E-5,1.0186793174058672E-4,0.06766878334290569,9.009377295483358E-5,6.311007782309391E-5,0.008198242238468345,0.8251749133621253,0.07395136768521429,1.0398275085205078E-4
d01d632ac60eee20c22fc739e09630c4,0.035164984341001786,4.7322740219461266E-5,1.0372280071385394E-4,1.1301830841259462E-4,9.173425137903545E-5,6.42592218496227E-5,2.5482440960590097E-4,0.7006011582339249,0.26345309956524393,1.0587612764899616E-4
d5bafdf68fc64ed3e9bc147dfcc5aef4,0.08221102690671493,7.115740872934684E-7,1.559640395023667E-6,3.2121113372676935E-5,0.011014034757098385,0.004260004235335471,0.0036240139926805807,1.000306770012241E-4,6.62329233814224E-6,0.8987498738109762
379fa2087c5d74668270f6a607208e5c,0.11872663137533361,7.235480962248217E-5,1.5858852349541724E-4,1.7280102866243854E-4,1.4025845214393198E-4,9.825009587053086E-5,0.01894979014640428,0.49273588092537307,0.3687835637582579,1.6188088483638425E-4
dfc648f66390a808d76f67f8d67984b3,0.26344612246633237,4.4529896597469466E-5,0.003905146325358619,1.0634831296527667E-4,8.632037598437327E-5,6.0466838799431734E-5,0.0021435579148947202,0.7258858534792929,4.1448182026146267E-4,0.003907172569513496
5c9583085493bf65d2a322a794d752f2,0.19723656861843533,0.05496605430733672,0.01159435453254367,4.904780386681406E-6,0.15664260258264706,0.04688901287398912,0.02652723809483862,0.004678800512516605,0.0987084715788401,0.40275199211846613
0c1260e532652078f669e45e3f400c4b,0.23225032598737827,1.6006829852835092E-5,3.5084046595497065E-5,0.08352708486133649,3.102894182990614E-5,2.1735563618090988E-5,0.0028235334494476406,0.6640020249659963,0.017257362948473708,3.5812405471346225E-5
af9393a9f93b3ef093de18b489cd2d52,0.0022409353610772466,9.74081138618733E-6,2.135007891587073E-5,2.3263446290886954E-5,1.888238162440146E-5,1.3226980452897117E-5,5.24525101263437E-5,0.02802186161325494,0.9695764935017558,2.179331511543872E-5
4e1a38925af9f48889fe3e952b247326,0.19204823372215643,0.007853998695640721,1.0007823827115826E-4,0.08209660409813385,8.851093688131786E-5,6.200131187285609E-5,0.03928756430749733,0.5120086539832286,0.16635219880368926,1.0215590262853888E-4
f6cd7617d07c0e180e7ffa284de08c15,0.0941363837275399,2.045634757427954E-6,0.0058640604616541315,0.15384064067506326,0.032800104253286624,2.7777532977011203E-6,0.019601242300542134,0.0040481923301146,0.6018063240635234,0.08789822880022082
fe826c2665b9aecd0e77a27eaa21e1d5,0.08876623158624448,0.07479327649646166,1.7750180655223983E-5,1.9340929649650573E-5,0.6588869668367073,1.0996741205837598E-5,0.1035656835973629,9.976054619603767E-5,7.537932199595384E-5,0.07376461376352096
d422b458cbd644bc5927c8446b6db4ba,0.0947641662451671,6.940193562235652E-6,3.119235177016154E-4,1.657488414285199E-5,0.040366269304308165,9.424040867600058E-6,0.038313204387471544,0.8261313710520909,6.459893870056253E-5,1.5527435987356873E-5
4fb4d4012ab1400519a8aacc1fa5b437,0.056900555088597114,3.1887492720272E-6,0.012003816229978868,0.16319172923985106,0.15037550249926887,0.10647617026374724,0.21868660978154786,0.0016752118044246508,0.003710525372741369,0.28697669097057094
70121bb3fedd1b9881da204cce3d70c5,0.04421491588483017,3.777066238124271E-5,8.278639125358108E-5,9.020560411663903E-5,7.321772622559771E-5,5.128852137698767E-5,2.0338819555013418E-4,0.949965963464321,0.005195958480011703,8.45050699329329E-5
7063a298b3fe8ae16adf08d157d7650b,0.029362377591216935,3.8074730730213783E-6,8.345285352135032E-6,0.07309717025091483,7.380715706226446E-6,0.039235073424748364,2.0502554869467015E-5,4.690263389774372E-5,0.8582099215333988,8.518536822462907E-6
98aca1ff7d801140dcec5ca79627043f,0.33937441652953254,5.3860943957780366E-5,1.1805334878083499E-4,1.286331422775584E-4,1.0440843766911123E-4,7.313740351387676E-5,0.007198130720687394,0.5417979323597797,0.11103092293016094,1.2050418364032561E-4
4e42116e64b482d8138352a72f32e8bc,0.03669670029476139,2.5291582919485383E-6,5.543452899662958E-6,0.7699876476886046,4.902726288778304E-6,3.434326563116004E-6,0.0015274152274865433,0.010303343895370914,0.13821150563967677,0.043256977590056214
802ae19a2e58af637ecd26a581c8e61f,0.8904169104196284,0.002086521588691948,3.1440271749508974E-6,0.03968140773678685,0.01171606432891691,0.004233448207144276,0.017424334505557693,0.003206627053170766,0.031228332834488334,3.209298439841999E-6
df8062f8e532887a2c796b784c93247a,0.09917107396512216,4.345444081536241E-5,9.524419515694536E-5,1.0377986082783477E-4,8.423562496181363E-5,5.900648482644991E-5,2.33994315928803E-4,0.7659463611723067,0.1341656284372131,9.722150284084787E-5
d0d79ca665a426c76c4d69a4e868070a,0.001982730941158392,1.3716482903704573E-5,3.006402452854685E-5,0.9564779359269536,2.6589146885606995E-5,1.8625517326725575E-5,6.602772011472604E-4,0.015415794357513102,0.02534357823584976,3.068816573328246E-5
2f0930b662599ca0e886fc97a3a766b0,0.14861152313014028,3.5695582004505946E-5,7.82381941841945E-5,0.039763377389468696,6.91952215264089E-5,4.847078407635499E-5,1.9221426248044104E-4,0.7222764243243901,0.08884499866126051,7.986245046858166E-5
ade51b73b66e6c37d31deeaba14bd000,0.05217665898978489,1.423439483105777E-6,0.013939110515424935,0.05367826286663453,0.023797398276413466,1.932878635307558E-6,0.01443050239373644,0.005494561614618652,0.08740225582915906,0.7490778931961096
269e60fba19ed6253ec9e8351c1309d4,0.8691396945093528,8.576459786953413E-6,1.8798032936958237E-5,2.0482689142576268E-5,1.6625307714429937E-5,0.010278312096036987,0.06421284631562547,0.056205647087337995,7.98292144270934E-5,1.918828763864637E-5
02cfe71ae7860a601488e235dca4fc01,0.0015023801104174846,2.5444399688420143E-5,0.7539124673807496,6.076746608550328E-5,0.04791324082267248,3.4550774465428325E-5,1.3701349706946551E-4,3.1343868766662544E-4,0.19604376958907713,5.6927272107868605E-5
8a27676432d2227fff82e5ca1973c62c,0.2561211360868207,2.9748382880784753E-5,6.520302025608669E-5,7.104643339765495E-5,5.766668668488129E-5,4.039512349324448E-5,0.007791128409114011,0.7036846448072669,0.03207247438898315,6.655666110268699E-5
4aea1c28f32e0f24d10af683c56d5571,0.09861521151370911,3.423280430630853E-5,7.503205271869235E-5,8.175633145874535E-5,6.63596541764247E-5,4.648448835067991E-5,0.21386178511265788,0.6868239112409676,3.1863705343388376E-4,7.658974822060904E-5
67b65b5ecfd4737ef2d1635f7787d27c,0.22711641386496928,1.297785711137438E-6,0.03728797054339242,3.099430529056104E-6,0.080232117289227,1.762254246869569E-6,0.6507212117483941,1.598686764681434E-5,6.756353628760303E-5,0.0045525766795956445
f532e8fdd3e588fc7e0f1227c4cc0475,0.07035211199793732,8.952459242502076E-5,1.9622155048558887E-4,2.1380668047286662E-4,1.7354175662771964E-4,1.2156482526070319E-4,4.8207376208812743E-4,0.6823829238674709,0.24578793577867428,2.0029518855752682E-4
6d5aaaa46480f919e85f286523221796,0.06335706895519913,0.0013909961434695438,4.189101320442869E-6,0.8072263118987044,3.704914164841172E-6,2.5952672821042614E-6,1.0291712751819027E-5,1.052546950727628E-4,0.0014885855433536294,0.1264110017686814
d48cb961c642dec89459c1b9b6c4327e,0.053290170009786836,1.4872462112226696E-4,3.259771975665179E-4,3.5519086639091514E-4,2.882999107196916E-4,2.0195213503859164E-4,0.00715923150750075,0.7139702186869221,0.22392749045004914,3.327446149032193E-4
0f993d529ff60d03fcbc9f439a7909f1,0.04708557138841759,0.055102173116645725,3.5301468836756953E-5,3.846514233082506E-5,3.122123384668412E-5,2.1870262873606704E-5,0.014546820658191632,0.7362859747499828,0.1468165676373889,3.603434148551989E-5
66d2a329a83d33691b5fe7937bbfbffd,0.15340049502663333,0.006677774421697789,0.661544971607573,0.14211575528059534,7.380715706226446E-6,5.170141368633761E-6,0.035832032523099924,4.690263389774372E-5,3.6099911260562646E-4,8.518536822462907E-6
7d754aec6549d9c7edf312ae2052d3e5,0.04479572510146636,4.297540416705974E-5,0.0037688217239950188,1.026358038394243E-4,8.330702133253571E-5,5.8356004272817006E-5,2.314147900916006E-4,0.7905743059160822,0.16024630849033292,9.61497444200753E-5
0b04e1b76df8fb5dfce687471bc10363,0.011633511171005856,4.506573474672679E-6,9.87758570716884E-6,0.9036241430156334,0.048561096636691836,0.005593494290638886,2.4267084274989026E-5,0.004872217006189473,0.025666803988036332,1.0082648347311969E-5
315fe267d4d6e4a9b826519559c61c11,0.01637518184041771,0.001005048352404027,0.045171393957647694,0.0024003019295754037,0.0019482675301545765,0.0013647482108436406,0.005412003866196558,0.9147195046218121,0.009354934603169012,0.0022486150877793244
9d976a82f0d735e95f1338a0c4d08372,0.5880920530514597,0.012618880918943393,0.046440456039721655,3.200753505090868E-5,2.5979748835597863E-5,1.819863811965098E-5,0.0258561018830533,0.3112912308727694,0.015595106489990778,2.9984822055627928E-5
8530e3cea6d6cfdd3892902b3876e60a,0.3239825024088228,3.61926789115769E-5,7.932773978507223E-5,8.643699262842845E-5,7.015883463126108E-5,4.9145788530536986E-5,1.948910395494321E-4,0.6596101498862937,0.015810220015374136,8.097461547303593E-5
cd6ad18273b841d979fb938896543229,0.19781472142828724,3.468973392438857E-5,7.60335589606509E-5,8.284759143776453E-5,0.004516482788164356,4.7104949920777104E-5,0.003152956208508535,0.7938746615655581,3.2289012910448735E-4,7.761204613374963E-5
d5f7f3664f9ea16fbb054021fa1db89b,0.27526961803453337,3.060470587838495E-5,6.707992381693011E-5,7.309154270862794E-5,5.932665288208812E-5,0.0432198544178416,1.6480081395232603E-4,0.6375839879657098,0.04215473018549229,0.0013769057571846525
de7c1877406b7b524612d33cfd4a6faa,0.11987572122668876,1.8979088059398404E-6,4.1598693553804445E-6,4.532671645258543E-6,0.5046176284973031,2.57715724925595E-6,0.02483927095381006,0.020227411270617394,0.07523508501096836,0.25519171543355645
ef6363108b4493093b5e854157746f63,0.3675658814157681,1.4238716300125952E-4,3.1208664721653367E-4,3.400554622881458E-4,2.760148660734916E-4,1.9334654446053303E-4,0.006854162114719556,0.4096120147427455,0.21438548535256896,3.1856569115792845E-4
0e1df8a8392b3c327ca155ab776075d6,0.8326620075588773,1.919716199451387E-6,8.628068144669425E-5,8.665776731764427E-5,0.09208964334388223,0.041859844046517186,0.010351537122920092,2.364816358871484E-5,0.014708938166590017,0.008129523432660603
913e54a57730b7790f2d81c0f15df3c3,0.15875087639542498,0.07040880300711806,2.9341361765502357E-5,3.197089791672136E-5,2.5950011352135642E-5,0.7028276992289718,0.0029336876435982237,1.649059428023672E-4,0.06479681501084882,2.995050020149302E-5
bba9dd588bd881e925c3b1e699dd149d,0.17275640024762062,1.5822752802160698E-5,3.468058333122814E-5,3.778861384268339E-5,3.067211189230392E-5,0.015580182974620767,0.04743775987308117,0.7578358290401245,0.00623546323653665,3.540056614792434E-5
e70b835403729f1a2437127aa543d8f3,0.5451381995389167,5.6325246450527677E-5,1.234546496177795E-4,1.345185009413981E-4,1.0918544219791277E-4,7.648366283554015E-5,3.0330127980965815E-4,0.4534082417757843,5.242722857976924E-4,1.260176176485396E-4
f9f2ea449732be0f491cf507b9f5d9df,0.5955860175151095,2.592380543761757E-5,0.09758829243324522,6.191240457736355E-5,5.0252814475389E-5,3.5201756218614994E-5,1.3959501044832665E-4,0.18984072773846533,0.11550576448174243,0.0011663120402800643
0b085d7e81d2aa6897b0c7d1a07de06f,0.41409904818886417,1.3153406630923085E-5,0.09337783387252764,5.937569582330111E-4,2.5497634008006024E-5,1.786091994789407E-5,0.19014289712167845,0.30157809233127203,1.2243118308372648E-4,2.9428383754118523E-5
1c8878c8b91130a12db45ef2e8185183,0.09981943708044336,1.2199800306400816E-5,2.673973337260882E-5,2.913611484048948E-5,2.364908589171607E-5,0.00992647526699195,0.007367732110565249,1.5028412714226602E-4,0.8826170518194861,2.7294860959923085E-5
111a34249fffddcfcfe1f00951698366,0.01931025004326321,0.4184891513237081,6.717181886349145E-6,5.314094449235259E-4,0.1502888278933252,4.161485016490918E-6,1.650265801370466E-5,9.549102626232601E-4,0.16302060204860944,0.24737746765863075
ae8bab06233d430ca5eaf08267ce42ef,0.21073401076248113,8.03038987910813E-5,1.7601147465732376E-4,1.91785402920768E-4,1.556676135881959E-4,1.0904410910853392E-4,4.324219921244932E-4,0.6738977950210445,0.10717688024709063,0.007046079478193335
6487bbd4145eecb77b50c1eeb36c82de,0.4074550105269473,2.3337303641018884E-5,0.01102620638123685,5.573520400947455E-5,0.019999884884092597,3.168956330689238E-5,1.2566716539526675E-4,2.874822717962383E-4,0.5609427736762409,5.2213023333415654E-5
a20faa0f43b78386e6b136ff1b3f4756,0.8744728046408758,4.7288830721703715E-6,0.020631952649544948,1.129373242164575E-5,9.166851844858801E-6,6.421317637699987E-6,0.02367963842456792,0.037257980105010045,0.04229805393346424,0.0016279594615606528
f7032216f7e6a315e7aba80eb837869b,0.16180790619456298,3.591481780807864E-5,7.871871901132528E-5,8.577339217449455E-5,6.962020605230395E-5,4.876848285867031E-5,1.9339480768874474E-4,0.7743116125934097,0.06328793783524989,8.035295118381172E-5
47fb01784d4b95b49b3969f117581b32,0.043764840727927,4.6032454154681E-6,1.0089472939464432E-5,1.099367888781481E-5,8.92330558508707E-6,0.009255901605420011,0.0023864006384822483,0.02268882993214975,0.9218591184587497,1.0298934443515735E-5
0a485d9bc555d607f43264a186fb2396,0.28380126446167525,6.421105929247974E-5,1.4073891063223719E-4,1.5335175581469087E-4,1.2447194366035685E-4,8.719175358695458E-5,3.457649577876014E-4,0.5964982892902505,0.11040547035831656,0.008379245508983378
44196f9071e35afd7e747b118e978d81,0.014908622878811808,0.002307301311828804,5.9075539374031446E-6,0.10221571464279348,5.224743587709231E-6,3.659897500256149E-6,0.7391016690675107,3.320196109127735E-5,0.12631749821523197,0.015101199727706629
0ff365c959ec5aad4fd259e9084664ca,0.2833089081719445,4.4360990134498976E-5,9.723118563826606E-5,1.0594492291143891E-4,8.599295394875526E-5,6.0237481880844167E-5,0.3093767312477373,0.4064084336535383,4.12909648224802E-4,9.924974404133402E-5
e6daefefdc379cd36fc04d7a57819232,0.38724317249961954,6.89425798135834E-5,1.5110953916744018E-4,1.646517871111605E-4,1.3364390815089768E-4,9.361665259833105E-5,3.7124334128223684E-4,0.5255007358068807,0.08611863725158139,1.5424663379472322E-4
7aae392bc294eb33775b41d1ae9008a6,0.15347611647779355,2.3642677524895523E-6,5.182042962609677E-6,5.646451172980238E-6,0.02244407335908133,3.2104228393066735E-6,0.010423846009877264,1.3020318921906022E-4,0.09392419773892129,0.7195851600403802
603d5ea042f656afdbec4a39f7203ea3,0.17635943170903728,1.8889492618744884E-5,4.1402316716945924E-5,4.511274056916907E-5,3.661692996378443E-5,2.5649911462979017E-5,0.04532599781922981,0.4904315979622378,0.2876730392727494,4.226184541411098E-5
c191a1fb49e90564d6a2effeaf8493d6,0.005001722874780129,8.103001761719104E-7,1.7760299446251427E-6,1.935195527407675E-6,0.9713427667380157,1.100301008435811E-6,0.0012514934979146913,9.981741638453595E-6,0.022386600419955893,1.8129010384546566E-6
808445e76a3eba242898ba24be3ef64d,0.13803930967537603,3.1987791539390096E-6,7.0111394896612635E-6,0.20705680595013304,0.11761669164159592,4.343600103199079E-6,0.07044676298395078,3.940439359637551E-5,0.10191328068363423,0.36487319115296685
4c9fe29d6bea6d70c02b7eca7e2fac7b,0.6523748429973825,6.897217349179872E-6,0.006797231700621676,1.6472246407187942E-5,0.09879633870159453,0.03362506245226464,0.08466613125715275,8.496387342407178E-5,0.1236166282693702,1.5431284433193637E-5
